1
70
72
73
74
75
76
78
79
80
81
82
83
84
85
86
87
88
89
90
95
97
98
99
100
101
102
103
104
105
106
107
108
109
111
112
113
115
116
117
118
119
120
121
122
123
124
125
126
127
130
131
133
134
135
138
139
140
141
142
147
148
150
151
152
153
154
155
156
157
158
159
160
161
162
165
166
168
169
170
173
174
175
176
177
178
179
182
183
185
186
187
188
189
190
191
193
194
195
201
203
204
205
208
209
212
217
218
220
221
222
223
224
225
226
228
229
230
236
238
239
240
243
244
247
251
252
253
254
255
256
258
262
264
266
268
272
276
278
280
282
290
296
