70
72
73
74
75
76
78
79
80
81
82
83
84
85
86
87
88
89
90
95
97
98
99
100
101
102
103
104
105
106
1
256
254
251
247
239
238
236
226
221
220
229
228
223
222
230
225
212
208
209
217
218
224
240
243
244
252
253
255
296
204
203
201
191
186
185
194
193
188
187
195
190
189
205
290
178
177
175
173
174
176
179
182
183
282
169
168
166
161
160
155
154
165
157
156
151
150
162
159
158
153
152
170
276
278
280
147
148
272
142
140
138
139
141
268
134
133
131
126
125
120
119
130
122
121
116
115
127
124
123
118
117
135
262
264
266
112
113
258
111
108
107
109
