83
86
87
88
89
90
303
81
84
85
91
92
93
94
95
96
97
98
99
309
100
101
102
103
311
104
105
106
256
254
251
250
248
247
245
243
244
246
249
252
253
255
310
312
242
241
239
238
237
236
231
230
225
224
235
234
233
227
226
221
220
232
229
228
223
222
240
302
304
306
308
219
217
218
300
216
215
213
212
210
208
209
211
214
296
298
207
206
204
203
202
201
196
195
190
189
200
199
198
192
191
186
185
197
194
193
188
187
205
288
290
292
294
184
182
183
286
181
180
178
177
175
173
174
176
179
282
284
172
171
169
168
167
166
161
160
155
154
165
164
163
157
156
151
150
162
159
158
153
152
170
274
276
278
280
149
147
148
272
146
145
143
142
140
138
139
141
144
268
270
137
136
134
133
132
131
126
125
120
119
130
129
128
122
121
116
115
127
124
123
118
117
135
260
262
264
266
114
112
113
258
111
108
107
110
109
